130
535.129
230.541
213.952
195.915
190.086
174.558
172.081
168.008
165.814
160.851
158.738
154.637
153.634
151.306
150.07
148.271
146.739
145.488
144.64
141.141
140.68
140.063
139.304
137.563
137.043
135.357
134.783
133.826
131.516
130.536
129.934
128.561
127.233
126.609
126.222
125.434
125.209
124.451
123.372
122.773
122.241
121.159
121.102
119.898
119.742
119.442
119.188
118.324
118.087
117.906
117.359
117.045
116.649
116.005
115.544
115.336
114.918
113.828
113.646
113.285
112.852
112.63
112.062
111.133
110.938
110.454
110.069
109.488
109.32
108.862
108.705
107.882
107.691
107.203
106.939
106.607
106.532
106.13
105.733
105.329
104.959
104.85
104.627
104.251
103.76
103.492
103.336
102.906
102.777
102.315
101.937
101.87
101.628
101.506
101.369
101.017
100.618
100.488
100.353
100.106
99.7611
99.4879
99.1743
99.1137
98.6754
98.326
98.169
97.7697
97.6678
97.1539
97.0711
96.8577
96.6666
96.4651
96.1863
95.6233
95.6111
95.482
95.184
95.0174
94.612
94.5592
94.2458
94.0986
93.9056
93.7931
93.2298
93.1512
92.9177
92.6542
